(kicad_pcb (version 20171130) (host pcbnew 5.1.7)

  (general
    (thickness 1.6)
    (drawings 24)
    (tracks 427)
    (zones 0)
    (modules 53)
    (nets 29)
  )

  (page A4)
  (layers
    (0 F.Cu signal)
    (31 B.Cu signal)
    (32 B.Adhes user)
    (33 F.Adhes user)
    (34 B.Paste user)
    (35 F.Paste user)
    (36 B.SilkS user)
    (37 F.SilkS user)
    (38 B.Mask user)
    (39 F.Mask user)
    (40 Dwgs.User user)
    (41 Cmts.User user)
    (42 Eco1.User user)
    (43 Eco2.User user)
    (44 Edge.Cuts user)
    (45 Margin user)
    (46 B.CrtYd user hide)
    (47 F.CrtYd user hide)
    (48 B.Fab user hide)
    (49 F.Fab user hide)
  )

  (setup
    (last_trace_width 0.25)
    (user_trace_width 0.1524)
    (user_trace_width 0.5)
    (user_trace_width 1)
    (user_trace_width 1.5)
    (user_trace_width 2)
    (trace_clearance 0.2)
    (zone_clearance 0.508)
    (zone_45_only no)
    (trace_min 0.15)
    (via_size 0.8)
    (via_drill 0.4)
    (via_min_size 0.4)
    (via_min_drill 0.3)
    (user_via 0.4572 0.3048)
    (uvia_size 0.3)
    (uvia_drill 0.1)
    (uvias_allowed no)
    (uvia_min_size 0.2)
    (uvia_min_drill 0.1)
    (edge_width 0.05)
    (segment_width 0.2)
    (pcb_text_width 0.3)
    (pcb_text_size 1.5 1.5)
    (mod_edge_width 0.12)
    (mod_text_size 1 1)
    (mod_text_width 0.15)
    (pad_size 1.524 1.524)
    (pad_drill 0.762)
    (pad_to_mask_clearance 0.05)
    (aux_axis_origin 0 0)
    (visible_elements FFFFFF7F)
    (pcbplotparams
      (layerselection 0x010fc_ffffffff)
      (usegerberextensions false)
      (usegerberattributes true)
      (usegerberadvancedattributes true)
      (creategerberjobfile true)
      (excludeedgelayer true)
      (linewidth 0.100000)
      (plotframeref false)
      (viasonmask false)
      (mode 1)
      (useauxorigin false)
      (hpglpennumber 1)
      (hpglpenspeed 20)
      (hpglpendiameter 15.000000)
      (psnegative false)
      (psa4output false)
      (plotreference true)
      (plotvalue true)
      (plotinvisibletext false)
      (padsonsilk false)
      (subtractmaskfromsilk false)
      (outputformat 1)
      (mirror false)
      (drillshape 0)
      (scaleselection 1)
      (outputdirectory "output/"))
  )

  (net 0 "")
  (net 1 GND)
  (net 2 +3V3)
  (net 3 "Net-(C3-Pad1)")
  (net 4 VDC)
  (net 5 VDDA)
  (net 6 "Net-(C6-Pad1)")
  (net 7 /IDLE_SW)
  (net 8 "Net-(D1-Pad2)")
  (net 9 "Net-(F1-Pad2)")
  (net 10 "Net-(J2-Pad3)")
  (net 11 /SWDCLK)
  (net 12 /SWDIO)
  (net 13 /UART_RX)
  (net 14 /UART_TX)
  (net 15 /HEATER_ON)
  (net 16 /HEATER_GATE)
  (net 17 /V_TC_AMP)
  (net 18 /VDC_SENSE)
  (net 19 /UC_RST)
  (net 20 /UC_BOOT)
  (net 21 /ENCODER_SW)
  (net 22 /ENCODER_B)
  (net 23 /ENCODER_A)
  (net 24 "Net-(J2-Pad4)")
  (net 25 /I2C_SDA)
  (net 26 /I2C_SCL)
  (net 27 "Net-(R5-Pad2)")
  (net 28 "Net-(D2-Pad2)")

  (net_class Default "This is the default net class."
    (clearance 0.2)
    (trace_width 0.25)
    (via_dia 0.8)
    (via_drill 0.4)
    (uvia_dia 0.3)
    (uvia_drill 0.1)
    (add_net +3V3)
    (add_net /ENCODER_A)
    (add_net /ENCODER_B)
    (add_net /ENCODER_SW)
    (add_net /HEATER_GATE)
    (add_net /HEATER_ON)
    (add_net /I2C_SCL)
    (add_net /I2C_SDA)
    (add_net /IDLE_SW)
    (add_net /SWDCLK)
    (add_net /SWDIO)
    (add_net /UART_RX)
    (add_net /UART_TX)
    (add_net /UC_BOOT)
    (add_net /UC_RST)
    (add_net /VDC_SENSE)
    (add_net /V_TC_AMP)
    (add_net GND)
    (add_net "Net-(C3-Pad1)")
    (add_net "Net-(C6-Pad1)")
    (add_net "Net-(D1-Pad2)")
    (add_net "Net-(D2-Pad2)")
    (add_net "Net-(F1-Pad2)")
    (add_net "Net-(J2-Pad3)")
    (add_net "Net-(J2-Pad4)")
    (add_net "Net-(R5-Pad2)")
    (add_net VDC)
    (add_net VDDA)
  )

  (module MountingHole:MountingHole_2.2mm_M2 (layer F.Cu) (tedit 56D1B4CB) (tstamp 5F4E098E)
    (at 26.924 68.326)
    (descr "Mounting Hole 2.2mm, no annular, M2")
    (tags "mounting hole 2.2mm no annular m2")
    (attr virtual)
    (fp_text reference REF** (at 0 -3.2) (layer F.SilkS) hide
      (effects (font (size 1 1) (thickness 0.15)))
    )
    (fp_text value MountingHole_2.2mm_M2 (at 0 3.2) (layer F.Fab)
      (effects (font (size 1 1) (thickness 0.15)))
    )
    (fp_circle (center 0 0) (end 2.45 0) (layer F.CrtYd) (width 0.05))
    (fp_circle (center 0 0) (end 2.2 0) (layer Cmts.User) (width 0.15))
    (fp_text user %R (at 0.3 0) (layer F.Fab)
      (effects (font (size 1 1) (thickness 0.15)))
    )
    (pad 1 np_thru_hole circle (at 0 0) (size 2.2 2.2) (drill 2.2) (layers *.Cu *.Mask))
  )

  (module MountingHole:MountingHole_2.2mm_M2 (layer F.Cu) (tedit 56D1B4CB) (tstamp 5F4E0709)
    (at 67.564 25.146)
    (descr "Mounting Hole 2.2mm, no annular, M2")
    (tags "mounting hole 2.2mm no annular m2")
    (attr virtual)
    (fp_text reference REF** (at 0 -3.2) (layer F.SilkS) hide
      (effects (font (size 1 1) (thickness 0.15)))
    )
    (fp_text value MountingHole_2.2mm_M2 (at 0 3.2) (layer F.Fab)
      (effects (font (size 1 1) (thickness 0.15)))
    )
    (fp_circle (center 0 0) (end 2.2 0) (layer Cmts.User) (width 0.15))
    (fp_circle (center 0 0) (end 2.45 0) (layer F.CrtYd) (width 0.05))
    (fp_text user %R (at 0.3 0) (layer F.Fab)
      (effects (font (size 1 1) (thickness 0.15)))
    )
    (pad 1 np_thru_hole circle (at 0 0) (size 2.2 2.2) (drill 2.2) (layers *.Cu *.Mask))
  )

  (module MountingHole:MountingHole_2.2mm_M2 (layer F.Cu) (tedit 56D1B4CB) (tstamp 5F4E05BF)
    (at 40.64 45.212)
    (descr "Mounting Hole 2.2mm, no annular, M2")
    (tags "mounting hole 2.2mm no annular m2")
    (attr virtual)
    (fp_text reference REF** (at 0 -3.2) (layer F.SilkS) hide
      (effects (font (size 1 1) (thickness 0.15)))
    )
    (fp_text value MountingHole_2.2mm_M2 (at 0 3.2) (layer F.Fab)
      (effects (font (size 1 1) (thickness 0.15)))
    )
    (fp_circle (center 0 0) (end 2.45 0) (layer F.CrtYd) (width 0.05))
    (fp_circle (center 0 0) (end 2.2 0) (layer Cmts.User) (width 0.15))
    (fp_text user %R (at 0.3 0) (layer F.Fab)
      (effects (font (size 1 1) (thickness 0.15)))
    )
    (pad 1 np_thru_hole circle (at 0 0) (size 2.2 2.2) (drill 2.2) (layers *.Cu *.Mask))
  )

  (module MountingHole:MountingHole_2.2mm_M2 (layer F.Cu) (tedit 56D1B4CB) (tstamp 5F4E05B1)
    (at 25.146 46.99)
    (descr "Mounting Hole 2.2mm, no annular, M2")
    (tags "mounting hole 2.2mm no annular m2")
    (attr virtual)
    (fp_text reference REF** (at 0 -3.2) (layer F.SilkS) hide
      (effects (font (size 1 1) (thickness 0.15)))
    )
    (fp_text value MountingHole_2.2mm_M2 (at 0 3.2) (layer F.Fab)
      (effects (font (size 1 1) (thickness 0.15)))
    )
    (fp_circle (center 0 0) (end 2.2 0) (layer Cmts.User) (width 0.15))
    (fp_circle (center 0 0) (end 2.45 0) (layer F.CrtYd) (width 0.05))
    (fp_text user %R (at 0.3 0) (layer F.Fab)
      (effects (font (size 1 1) (thickness 0.15)))
    )
    (pad 1 np_thru_hole circle (at 0 0) (size 2.2 2.2) (drill 2.2) (layers *.Cu *.Mask))
  )

  (module MountingHole:MountingHole_2.2mm_M2 (layer F.Cu) (tedit 56D1B4CB) (tstamp 5F4E05A3)
    (at 35.814 25.146)
    (descr "Mounting Hole 2.2mm, no annular, M2")
    (tags "mounting hole 2.2mm no annular m2")
    (attr virtual)
    (fp_text reference REF** (at 0 -3.2) (layer F.SilkS) hide
      (effects (font (size 1 1) (thickness 0.15)))
    )
    (fp_text value MountingHole_2.2mm_M2 (at 0 3.2) (layer F.Fab)
      (effects (font (size 1 1) (thickness 0.15)))
    )
    (fp_circle (center 0 0) (end 2.45 0) (layer F.CrtYd) (width 0.05))
    (fp_circle (center 0 0) (end 2.2 0) (layer Cmts.User) (width 0.15))
    (fp_text user %R (at 0.3 0) (layer F.Fab)
      (effects (font (size 1 1) (thickness 0.15)))
    )
    (pad 1 np_thru_hole circle (at 0 0) (size 2.2 2.2) (drill 2.2) (layers *.Cu *.Mask))
  )

  (module MountingHole:MountingHole_2.2mm_M2 (layer F.Cu) (tedit 56D1B4CB) (tstamp 5F4E059A)
    (at 25.908 25.146)
    (descr "Mounting Hole 2.2mm, no annular, M2")
    (tags "mounting hole 2.2mm no annular m2")
    (attr virtual)
    (fp_text reference REF** (at 0 -3.2) (layer F.SilkS) hide
      (effects (font (size 1 1) (thickness 0.15)))
    )
    (fp_text value MountingHole_2.2mm_M2 (at 0 3.2) (layer F.Fab)
      (effects (font (size 1 1) (thickness 0.15)))
    )
    (fp_circle (center 0 0) (end 2.2 0) (layer Cmts.User) (width 0.15))
    (fp_circle (center 0 0) (end 2.45 0) (layer F.CrtYd) (width 0.05))
    (fp_text user %R (at 0.3 0) (layer F.Fab)
      (effects (font (size 1 1) (thickness 0.15)))
    )
    (pad 1 np_thru_hole circle (at 0 0) (size 2.2 2.2) (drill 2.2) (layers *.Cu *.Mask))
  )

  (module Capacitor_SMD:C_0603_1608Metric (layer F.Cu) (tedit 5B301BBE) (tstamp 5F4DE523)
    (at 42.418 58.9025 270)
    (descr "Capacitor SMD 0603 (1608 Metric), square (rectangular) end terminal, IPC_7351 nominal, (Body size source: http://www.tortai-tech.com/upload/download/2011102023233369053.pdf), generated with kicad-footprint-generator")
    (tags capacitor)
    (path /5F4E7E48)
    (attr smd)
    (fp_text reference C1 (at -2.7685 0 270) (layer F.SilkS)
      (effects (font (size 1 1) (thickness 0.15)))
    )
    (fp_text value 100n (at 0 1.43 90) (layer F.Fab)
      (effects (font (size 1 1) (thickness 0.15)))
    )
    (fp_line (start 1.48 0.73) (end -1.48 0.73) (layer F.CrtYd) (width 0.05))
    (fp_line (start 1.48 -0.73) (end 1.48 0.73) (layer F.CrtYd) (width 0.05))
    (fp_line (start -1.48 -0.73) (end 1.48 -0.73) (layer F.CrtYd) (width 0.05))
    (fp_line (start -1.48 0.73) (end -1.48 -0.73) (layer F.CrtYd) (width 0.05))
    (fp_line (start -0.162779 0.51) (end 0.162779 0.51) (layer F.SilkS) (width 0.12))
    (fp_line (start -0.162779 -0.51) (end 0.162779 -0.51) (layer F.SilkS) (width 0.12))
    (fp_line (start 0.8 0.4) (end -0.8 0.4) (layer F.Fab) (width 0.1))
    (fp_line (start 0.8 -0.4) (end 0.8 0.4) (layer F.Fab) (width 0.1))
    (fp_line (start -0.8 -0.4) (end 0.8 -0.4) (layer F.Fab) (width 0.1))
    (fp_line (start -0.8 0.4) (end -0.8 -0.4) (layer F.Fab) (width 0.1))
    (fp_text user %R (at 0 0 90) (layer F.Fab)
      (effects (font (size 0.4 0.4) (thickness 0.06)))
    )
    (pad 2 smd roundrect (at 0.7875 0 270) (size 0.875 0.95) (layers F.Cu F.Paste F.Mask) (roundrect_rratio 0.25)
      (net 1 GND))
    (pad 1 smd roundrect (at -0.7875 0 270) (size 0.875 0.95) (layers F.Cu F.Paste F.Mask) (roundrect_rratio 0.25)
      (net 2 +3V3))
    (model ${KISYS3DMOD}/Capacitor_SMD.3dshapes/C_0603_1608Metric.wrl
      (at (xyz 0 0 0))
      (scale (xyz 1 1 1))
      (rotate (xyz 0 0 0))
    )
  )

  (module Capacitor_SMD:C_0603_1608Metric (layer F.Cu) (tedit 5B301BBE) (tstamp 5F4DEB17)
    (at 43.942 58.9025 270)
    (descr "Capacitor SMD 0603 (1608 Metric), square (rectangular) end terminal, IPC_7351 nominal, (Body size source: http://www.tortai-tech.com/upload/download/2011102023233369053.pdf), generated with kicad-footprint-generator")
    (tags capacitor)
    (path /5F4E8072)
    (attr smd)
    (fp_text reference C2 (at -2.7685 0 90) (layer F.SilkS)
      (effects (font (size 1 1) (thickness 0.15)))
    )
    (fp_text value 10n (at 0 1.43 90) (layer F.Fab)
      (effects (font (size 1 1) (thickness 0.15)))
    )
    (fp_line (start -0.8 0.4) (end -0.8 -0.4) (layer F.Fab) (width 0.1))
    (fp_line (start -0.8 -0.4) (end 0.8 -0.4) (layer F.Fab) (width 0.1))
    (fp_line (start 0.8 -0.4) (end 0.8 0.4) (layer F.Fab) (width 0.1))
    (fp_line (start 0.8 0.4) (end -0.8 0.4) (layer F.Fab) (width 0.1))
    (fp_line (start -0.162779 -0.51) (end 0.162779 -0.51) (layer F.SilkS) (width 0.12))
    (fp_line (start -0.162779 0.51) (end 0.162779 0.51) (layer F.SilkS) (width 0.12))
    (fp_line (start -1.48 0.73) (end -1.48 -0.73) (layer F.CrtYd) (width 0.05))
    (fp_line (start -1.48 -0.73) (end 1.48 -0.73) (layer F.CrtYd) (width 0.05))
    (fp_line (start 1.48 -0.73) (end 1.48 0.73) (layer F.CrtYd) (width 0.05))
    (fp_line (start 1.48 0.73) (end -1.48 0.73) (layer F.CrtYd) (width 0.05))
    (fp_text user %R (at 0 0 90) (layer F.Fab)
      (effects (font (size 0.4 0.4) (thickness 0.06)))
    )
    (pad 1 smd roundrect (at -0.7875 0 270) (size 0.875 0.95) (layers F.Cu F.Paste F.Mask) (roundrect_rratio 0.25)
      (net 2 +3V3))
    (pad 2 smd roundrect (at 0.7875 0 270) (size 0.875 0.95) (layers F.Cu F.Paste F.Mask) (roundrect_rratio 0.25)
      (net 1 GND))
    (model ${KISYS3DMOD}/Capacitor_SMD.3dshapes/C_0603_1608Metric.wrl
      (at (xyz 0 0 0))
      (scale (xyz 1 1 1))
      (rotate (xyz 0 0 0))
    )
  )

  (module Capacitor_SMD:C_0603_1608Metric (layer F.Cu) (tedit 5B301BBE) (tstamp 5F4D7576)
    (at 32.258 51.2825 270)
    (descr "Capacitor SMD 0603 (1608 Metric), square (rectangular) end terminal, IPC_7351 nominal, (Body size source: http://www.tortai-tech.com/upload/download/2011102023233369053.pdf), generated with kicad-footprint-generator")
    (tags capacitor)
    (path /5F5276AE)
    (attr smd)
    (fp_text reference C3 (at 0 -1.43 90) (layer F.SilkS)
      (effects (font (size 1 1) (thickness 0.15)))
    )
    (fp_text value 12p (at 0 1.43 90) (layer F.Fab)
      (effects (font (size 1 1) (thickness 0.15)))
    )
    (fp_line (start 1.48 0.73) (end -1.48 0.73) (layer F.CrtYd) (width 0.05))
    (fp_line (start 1.48 -0.73) (end 1.48 0.73) (layer F.CrtYd) (width 0.05))
    (fp_line (start -1.48 -0.73) (end 1.48 -0.73) (layer F.CrtYd) (width 0.05))
    (fp_line (start -1.48 0.73) (end -1.48 -0.73) (layer F.CrtYd) (width 0.05))
    (fp_line (start -0.162779 0.51) (end 0.162779 0.51) (layer F.SilkS) (width 0.12))
    (fp_line (start -0.162779 -0.51) (end 0.162779 -0.51) (layer F.SilkS) (width 0.12))
    (fp_line (start 0.8 0.4) (end -0.8 0.4) (layer F.Fab) (width 0.1))
    (fp_line (start 0.8 -0.4) (end 0.8 0.4) (layer F.Fab) (width 0.1))
    (fp_line (start -0.8 -0.4) (end 0.8 -0.4) (layer F.Fab) (width 0.1))
    (fp_line (start -0.8 0.4) (end -0.8 -0.4) (layer F.Fab) (width 0.1))
    (fp_text user %R (at 0 0 90) (layer F.Fab)
      (effects (font (size 0.4 0.4) (thickness 0.06)))
    )
    (pad 2 smd roundrect (at 0.7875 0 270) (size 0.875 0.95) (layers F.Cu F.Paste F.Mask) (roundrect_rratio 0.25)
      (net 1 GND))
    (pad 1 smd roundrect (at -0.7875 0 270) (size 0.875 0.95) (layers F.Cu F.Paste F.Mask) (roundrect_rratio 0.25)
      (net 3 "Net-(C3-Pad1)"))
    (model ${KISYS3DMOD}/Capacitor_SMD.3dshapes/C_0603_1608Metric.wrl
      (at (xyz 0 0 0))
      (scale (xyz 1 1 1))
      (rotate (xyz 0 0 0))
    )
  )

  (module Capacitor_SMD:C_0603_1608Metric (layer F.Cu) (tedit 5B301BBE) (tstamp 5F4DF0B0)
    (at 55.88 31.1405 90)
    (descr "Capacitor SMD 0603 (1608 Metric), square (rectangular) end terminal, IPC_7351 nominal, (Body size source: http://www.tortai-tech.com/upload/download/2011102023233369053.pdf), generated with kicad-footprint-generator")
    (tags capacitor)
    (path /5F68660A)
    (attr smd)
    (fp_text reference C4 (at 2.6925 0 90) (layer F.SilkS)
      (effects (font (size 1 1) (thickness 0.15)))
    )
    (fp_text value 100n (at 0 1.43 90) (layer F.Fab)
      (effects (font (size 1 1) (thickness 0.15)))
    )
    (fp_line (start 1.48 0.73) (end -1.48 0.73) (layer F.CrtYd) (width 0.05))
    (fp_line (start 1.48 -0.73) (end 1.48 0.73) (layer F.CrtYd) (width 0.05))
    (fp_line (start -1.48 -0.73) (end 1.48 -0.73) (layer F.CrtYd) (width 0.05))
    (fp_line (start -1.48 0.73) (end -1.48 -0.73) (layer F.CrtYd) (width 0.05))
    (fp_line (start -0.162779 0.51) (end 0.162779 0.51) (layer F.SilkS) (width 0.12))
    (fp_line (start -0.162779 -0.51) (end 0.162779 -0.51) (layer F.SilkS) (width 0.12))
    (fp_line (start 0.8 0.4) (end -0.8 0.4) (layer F.Fab) (width 0.1))
    (fp_line (start 0.8 -0.4) (end 0.8 0.4) (layer F.Fab) (width 0.1))
    (fp_line (start -0.8 -0.4) (end 0.8 -0.4) (layer F.Fab) (width 0.1))
    (fp_line (start -0.8 0.4) (end -0.8 -0.4) (layer F.Fab) (width 0.1))
    (fp_text user %R (at 0 0 90) (layer F.Fab)
      (effects (font (size 0.4 0.4) (thickness 0.06)))
    )
    (pad 2 smd roundrect (at 0.7875 0 90) (size 0.875 0.95) (layers F.Cu F.Paste F.Mask) (roundrect_rratio 0.25)
      (net 1 GND))
    (pad 1 smd roundrect (at -0.7875 0 90) (size 0.875 0.95) (layers F.Cu F.Paste F.Mask) (roundrect_rratio 0.25)
      (net 4 VDC))
    (model ${KISYS3DMOD}/Capacitor_SMD.3dshapes/C_0603_1608Metric.wrl
      (at (xyz 0 0 0))
      (scale (xyz 1 1 1))
      (rotate (xyz 0 0 0))
    )
  )

  (module Capacitor_SMD:C_0603_1608Metric (layer F.Cu) (tedit 5B301BBE) (tstamp 5F4DEBE6)
    (at 29.718 59.4105 270)
    (descr "Capacitor SMD 0603 (1608 Metric), square (rectangular) end terminal, IPC_7351 nominal, (Body size source: http://www.tortai-tech.com/upload/download/2011102023233369053.pdf), generated with kicad-footprint-generator")
    (tags capacitor)
    (path /5F4EA8E7)
    (attr smd)
    (fp_text reference C5 (at 2.0575 -0.254 180) (layer F.SilkS)
      (effects (font (size 1 1) (thickness 0.15)))
    )
    (fp_text value 1u (at 0 1.43 90) (layer F.Fab)
      (effects (font (size 1 1) (thickness 0.15)))
    )
    (fp_line (start -0.8 0.4) (end -0.8 -0.4) (layer F.Fab) (width 0.1))
    (fp_line (start -0.8 -0.4) (end 0.8 -0.4) (layer F.Fab) (width 0.1))
    (fp_line (start 0.8 -0.4) (end 0.8 0.4) (layer F.Fab) (width 0.1))
    (fp_line (start 0.8 0.4) (end -0.8 0.4) (layer F.Fab) (width 0.1))
    (fp_line (start -0.162779 -0.51) (end 0.162779 -0.51) (layer F.SilkS) (width 0.12))
    (fp_line (start -0.162779 0.51) (end 0.162779 0.51) (layer F.SilkS) (width 0.12))
    (fp_line (start -1.48 0.73) (end -1.48 -0.73) (layer F.CrtYd) (width 0.05))
    (fp_line (start -1.48 -0.73) (end 1.48 -0.73) (layer F.CrtYd) (width 0.05))
    (fp_line (start 1.48 -0.73) (end 1.48 0.73) (layer F.CrtYd) (width 0.05))
    (fp_line (start 1.48 0.73) (end -1.48 0.73) (layer F.CrtYd) (width 0.05))
    (fp_text user %R (at 0 0 90) (layer F.Fab)
      (effects (font (size 0.4 0.4) (thickness 0.06)))
    )
    (pad 1 smd roundrect (at -0.7875 0 270) (size 0.875 0.95) (layers F.Cu F.Paste F.Mask) (roundrect_rratio 0.25)
      (net 5 VDDA))
    (pad 2 smd roundrect (at 0.7875 0 270) (size 0.875 0.95) (layers F.Cu F.Paste F.Mask) (roundrect_rratio 0.25)
      (net 1 GND))
    (model ${KISYS3DMOD}/Capacitor_SMD.3dshapes/C_0603_1608Metric.wrl
      (at (xyz 0 0 0))
      (scale (xyz 1 1 1))
      (rotate (xyz 0 0 0))
    )
  )

  (module Capacitor_SMD:C_0603_1608Metric (layer F.Cu) (tedit 5B301BBE) (tstamp 5F4D7546)
    (at 24.13 51.562 90)
    (descr "Capacitor SMD 0603 (1608 Metric), square (rectangular) end terminal, IPC_7351 nominal, (Body size source: http://www.tortai-tech.com/upload/download/2011102023233369053.pdf), generated with kicad-footprint-generator")
    (tags capacitor)
    (path /5F526039)
    (attr smd)
    (fp_text reference C6 (at -2.54 0 90) (layer F.SilkS)
      (effects (font (size 1 1) (thickness 0.15)))
    )
    (fp_text value 12p (at 0 1.43 90) (layer F.Fab)
      (effects (font (size 1 1) (thickness 0.15)))
    )
    (fp_line (start -0.8 0.4) (end -0.8 -0.4) (layer F.Fab) (width 0.1))
    (fp_line (start -0.8 -0.4) (end 0.8 -0.4) (layer F.Fab) (width 0.1))
    (fp_line (start 0.8 -0.4) (end 0.8 0.4) (layer F.Fab) (width 0.1))
    (fp_line (start 0.8 0.4) (end -0.8 0.4) (layer F.Fab) (width 0.1))
    (fp_line (start -0.162779 -0.51) (end 0.162779 -0.51) (layer F.SilkS) (width 0.12))
    (fp_line (start -0.162779 0.51) (end 0.162779 0.51) (layer F.SilkS) (width 0.12))
    (fp_line (start -1.48 0.73) (end -1.48 -0.73) (layer F.CrtYd) (width 0.05))
    (fp_line (start -1.48 -0.73) (end 1.48 -0.73) (layer F.CrtYd) (width 0.05))
    (fp_line (start 1.48 -0.73) (end 1.48 0.73) (layer F.CrtYd) (width 0.05))
    (fp_line (start 1.48 0.73) (end -1.48 0.73) (layer F.CrtYd) (width 0.05))
    (fp_text user %R (at 0 0 90) (layer F.Fab)
      (effects (font (size 0.4 0.4) (thickness 0.06)))
    )
    (pad 1 smd roundrect (at -0.7875 0 90) (size 0.875 0.95) (layers F.Cu F.Paste F.Mask) (roundrect_rratio 0.25)
      (net 6 "Net-(C6-Pad1)"))
    (pad 2 smd roundrect (at 0.7875 0 90) (size 0.875 0.95) (layers F.Cu F.Paste F.Mask) (roundrect_rratio 0.25)
      (net 1 GND))
    (model ${KISYS3DMOD}/Capacitor_SMD.3dshapes/C_0603_1608Metric.wrl
      (at (xyz 0 0 0))
      (scale (xyz 1 1 1))
      (rotate (xyz 0 0 0))
    )
  )

  (module Capacitor_SMD:C_0603_1608Metric (layer F.Cu) (tedit 5B301BBE) (tstamp 5F4E0C90)
    (at 57.785 31.1405 90)
    (descr "Capacitor SMD 0603 (1608 Metric), square (rectangular) end terminal, IPC_7351 nominal, (Body size source: http://www.tortai-tech.com/upload/download/2011102023233369053.pdf), generated with kicad-footprint-generator")
    (tags capacitor)
    (path /5F4D07F5)
    (attr smd)
    (fp_text reference C7 (at 2.6925 0 90) (layer F.SilkS)
      (effects (font (size 1 1) (thickness 0.15)))
    )
    (fp_text value 1u (at 0 1.43 90) (layer F.Fab)
      (effects (font (size 1 1) (thickness 0.15)))
    )
    (fp_line (start 1.48 0.73) (end -1.48 0.73) (layer F.CrtYd) (width 0.05))
    (fp_line (start 1.48 -0.73) (end 1.48 0.73) (layer F.CrtYd) (width 0.05))
    (fp_line (start -1.48 -0.73) (end 1.48 -0.73) (layer F.CrtYd) (width 0.05))
    (fp_line (start -1.48 0.73) (end -1.48 -0.73) (layer F.CrtYd) (width 0.05))
    (fp_line (start -0.162779 0.51) (end 0.162779 0.51) (layer F.SilkS) (width 0.12))
    (fp_line (start -0.162779 -0.51) (end 0.162779 -0.51) (layer F.SilkS) (width 0.12))
    (fp_line (start 0.8 0.4) (end -0.8 0.4) (layer F.Fab) (width 0.1))
    (fp_line (start 0.8 -0.4) (end 0.8 0.4) (layer F.Fab) (width 0.1))
    (fp_line (start -0.8 -0.4) (end 0.8 -0.4) (layer F.Fab) (width 0.1))
    (fp_line (start -0.8 0.4) (end -0.8 -0.4) (layer F.Fab) (width 0.1))
    (fp_text user %R (at 0 0 90) (layer F.Fab)
      (effects (font (size 0.4 0.4) (thickness 0.06)))
    )
    (pad 2 smd roundrect (at 0.7875 0 90) (size 0.875 0.95) (layers F.Cu F.Paste F.Mask) (roundrect_rratio 0.25)
      (net 1 GND))
    (pad 1 smd roundrect (at -0.7875 0 90) (size 0.875 0.95) (layers F.Cu F.Paste F.Mask) (roundrect_rratio 0.25)
      (net 4 VDC))
    (model ${KISYS3DMOD}/Capacitor_SMD.3dshapes/C_0603_1608Metric.wrl
      (at (xyz 0 0 0))
      (scale (xyz 1 1 1))
      (rotate (xyz 0 0 0))
    )
  )

  (module Capacitor_SMD:C_0603_1608Metric (layer F.Cu) (tedit 5B301BBE) (tstamp 5F4DEB77)
    (at 28.194 59.4105 270)
    (descr "Capacitor SMD 0603 (1608 Metric), square (rectangular) end terminal, IPC_7351 nominal, (Body size source: http://www.tortai-tech.com/upload/download/2011102023233369053.pdf), generated with kicad-footprint-generator")
    (tags capacitor)
    (path /5F4E9D49)
    (attr smd)
    (fp_text reference C8 (at 2.0575 0.254) (layer F.SilkS)
      (effects (font (size 1 1) (thickness 0.15)))
    )
    (fp_text value 100n (at 0 1.43 90) (layer F.Fab)
      (effects (font (size 1 1) (thickness 0.15)))
    )
    (fp_line (start 1.48 0.73) (end -1.48 0.73) (layer F.CrtYd) (width 0.05))
    (fp_line (start 1.48 -0.73) (end 1.48 0.73) (layer F.CrtYd) (width 0.05))
    (fp_line (start -1.48 -0.73) (end 1.48 -0.73) (layer F.CrtYd) (width 0.05))
    (fp_line (start -1.48 0.73) (end -1.48 -0.73) (layer F.CrtYd) (width 0.05))
    (fp_line (start -0.162779 0.51) (end 0.162779 0.51) (layer F.SilkS) (width 0.12))
    (fp_line (start -0.162779 -0.51) (end 0.162779 -0.51) (layer F.SilkS) (width 0.12))
    (fp_line (start 0.8 0.4) (end -0.8 0.4) (layer F.Fab) (width 0.1))
    (fp_line (start 0.8 -0.4) (end 0.8 0.4) (layer F.Fab) (width 0.1))
    (fp_line (start -0.8 -0.4) (end 0.8 -0.4) (layer F.Fab) (width 0.1))
    (fp_line (start -0.8 0.4) (end -0.8 -0.4) (layer F.Fab) (width 0.1))
    (fp_text user %R (at 0 0 90) (layer F.Fab)
      (effects (font (size 0.4 0.4) (thickness 0.06)))
    )
    (pad 2 smd roundrect (at 0.7875 0 270) (size 0.875 0.95) (layers F.Cu F.Paste F.Mask) (roundrect_rratio 0.25)
      (net 1 GND))
    (pad 1 smd roundrect (at -0.7875 0 270) (size 0.875 0.95) (layers F.Cu F.Paste F.Mask) (roundrect_rratio 0.25)
      (net 5 VDDA))
    (model ${KISYS3DMOD}/Capacitor_SMD.3dshapes/C_0603_1608Metric.wrl
      (at (xyz 0 0 0))
      (scale (xyz 1 1 1))
      (rotate (xyz 0 0 0))
    )
  )

  (module Capacitor_THT:CP_Radial_D10.0mm_P3.50mm (layer B.Cu) (tedit 5AE50EF0) (tstamp 5F4DF19E)
    (at 60.325 32.258 90)
    (descr "CP, Radial series, Radial, pin pitch=3.50mm, , diameter=10mm, Electrolytic Capacitor")
    (tags "CP Radial series Radial pin pitch 3.50mm  diameter 10mm Electrolytic Capacitor")
    (path /5F4D1384)
    (fp_text reference C9 (at 1.016 6.477 90) (layer B.SilkS)
      (effects (font (size 1 1) (thickness 0.15)) (justify mirror))
    )
    (fp_text value 1000u (at 1.75 -6.25 90) (layer B.Fab)
      (effects (font (size 1 1) (thickness 0.15)) (justify mirror))
    )
    (fp_circle (center 1.75 0) (end 6.75 0) (layer B.Fab) (width 0.1))
    (fp_circle (center 1.75 0) (end 6.87 0) (layer B.SilkS) (width 0.12))
    (fp_circle (center 1.75 0) (end 7 0) (layer B.CrtYd) (width 0.05))
    (fp_line (start -2.538861 2.1875) (end -1.538861 2.1875) (layer B.Fab) (width 0.1))
    (fp_line (start -2.038861 2.6875) (end -2.038861 1.6875) (layer B.Fab) (width 0.1))
    (fp_line (start 1.75 5.08) (end 1.75 -5.08) (layer B.SilkS) (width 0.12))
    (fp_line (start 1.79 5.08) (end 1.79 -5.08) (layer B.SilkS) (width 0.12))
    (fp_line (start 1.83 5.08) (end 1.83 -5.08) (layer B.SilkS) (width 0.12))
    (fp_line (start 1.87 5.079) (end 1.87 -5.079) (layer B.SilkS) (width 0.12))
    (fp_line (start 1.91 5.078) (end 1.91 -5.078) (layer B.SilkS) (width 0.12))
    (fp_line (start 1.95 5.077) (end 1.95 -5.077) (layer B.SilkS) (width 0.12))
    (fp_line (start 1.99 5.075) (end 1.99 -5.075) (layer B.SilkS) (width 0.12))
    (fp_line (start 2.03 5.073) (end 2.03 -5.073) (layer B.SilkS) (width 0.12))
    (fp_line (start 2.07 5.07) (end 2.07 -5.07) (layer B.SilkS) (width 0.12))
    (fp_line (start 2.11 5.068) (end 2.11 -5.068) (layer B.SilkS) (width 0.12))
    (fp_line (start 2.15 5.065) (end 2.15 -5.065) (layer B.SilkS) (width 0.12))
    (fp_line (start 2.19 5.062) (end 2.19 -5.062) (layer B.SilkS) (width 0.12))
    (fp_line (start 2.23 5.058) (end 2.23 -5.058) (layer B.SilkS) (width 0.12))
    (fp_line (start 2.27 5.054) (end 2.27 1.241) (layer B.SilkS) (width 0.12))
    (fp_line (start 2.27 -1.241) (end 2.27 -5.054) (layer B.SilkS) (width 0.12))
    (fp_line (start 2.31 5.05) (end 2.31 1.241) (layer B.SilkS) (width 0.12))
    (fp_line (start 2.31 -1.241) (end 2.31 -5.05) (layer B.SilkS) (width 0.12))
    (fp_line (start 2.35 5.045) (end 2.35 1.241) (layer B.SilkS) (width 0.12))
    (fp_line (start 2.35 -1.241) (end 2.35 -5.045) (layer B.SilkS) (width 0.12))
    (fp_line (start 2.39 5.04) (end 2.39 1.241) (layer B.SilkS) (width 0.12))
    (fp_line (start 2.39 -1.241) (end 2.39 -5.04) (layer B.SilkS) (width 0.12))
    (fp_line (start 2.43 5.035) (end 2.43 1.241) (layer B.SilkS) (width 0.12))
    (fp_line (start 2.43 -1.241) (end 2.43 -5.035) (layer B.SilkS) (width 0.12))
    (fp_line (start 2.471 5.03) (end 2.471 1.241) (layer B.SilkS) (width 0.12))
    (fp_line (start 2.471 -1.241) (end 2.471 -5.03) (layer B.SilkS) (width 0.12))
    (fp_line (start 2.511 5.024) (end 2.511 1.241) (layer B.SilkS) (width 0.12))
    (fp_line (start 2.511 -1.241) (end 2.511 -5.024) (layer B.SilkS) (width 0.12))
    (fp_line (start 2.551 5.018) (end 2.551 1.241) (layer B.SilkS) (width 0.12))
    (fp_line (start 2.551 -1.241) (end 2.551 -5.018) (layer B.SilkS) (width 0.12))
    (fp_line (start 2.591 5.011) (end 2.591 1.241) (layer B.SilkS) (width 0.12))
    (fp_line (start 2.591 -1.241) (end 2.591 -5.011) (layer B.SilkS) (width 0.12))
    (fp_line (start 2.631 5.004) (end 2.631 1.241) (layer B.SilkS) (width 0.12))
    (fp_line (start 2.631 -1.241) (end 2.631 -5.004) (layer B.SilkS) (width 0.12))
    (fp_line (start 2.671 4.997) (end 2.671 1.241) (layer B.SilkS) (width 0.12))
    (fp_line (start 2.671 -1.241) (end 2.671 -4.997) (layer B.SilkS) (width 0.12))
    (fp_line (start 2.711 4.99) (end 2.711 1.241) (layer B.SilkS) (width 0.12))
    (fp_line (start 2.711 -1.241) (end 2.711 -4.99) (layer B.SilkS) (width 0.12))
    (fp_line (start 2.751 4.982) (end 2.751 1.241) (layer B.SilkS) (width 0.12))
    (fp_line (start 2.751 -1.241) (end 2.751 -4.982) (layer B.SilkS) (width 0.12))
    (fp_line (start 2.791 4.974) (end 2.791 1.241) (layer B.SilkS) (width 0.12))
    (fp_line (start 2.791 -1.241) (end 2.791 -4.974) (layer B.SilkS) (width 0.12))
    (fp_line (start 2.831 4.965) (end 2.831 1.241) (layer B.SilkS) (width 0.12))
    (fp_line (start 2.831 -1.241) (end 2.831 -4.965) (layer B.SilkS) (width 0.12))
    (fp_line (start 2.871 4.956) (end 2.871 1.241) (layer B.SilkS) (width 0.12))
    (fp_line (start 2.871 -1.241) (end 2.871 -4.956) (layer B.SilkS) (width 0.12))
    (fp_line (start 2.911 4.947) (end 2.911 1.241) (layer B.SilkS) (width 0.12))
    (fp_line (start 2.911 -1.241) (end 2.911 -4.947) (layer B.SilkS) (width 0.12))
    (fp_line (start 2.951 4.938) (end 2.951 1.241) (layer B.SilkS) (width 0.12))
    (fp_line (start 2.951 -1.241) (end 2.951 -4.938) (layer B.SilkS) (width 0.12))
    (fp_line (start 2.991 4.928) (end 2.991 1.241) (layer B.SilkS) (width 0.12))
    (fp_line (start 2.991 -1.241) (end 2.991 -4.928) (layer B.SilkS) (width 0.12))
    (fp_line (start 3.031 4.918) (end 3.031 1.241) (layer B.SilkS) (width 0.12))
    (fp_line (start 3.031 -1.241) (end 3.031 -4.918) (layer B.SilkS) (width 0.12))
    (fp_line (start 3.071 4.907) (end 3.071 1.241) (layer B.SilkS) (width 0.12))
    (fp_line (start 3.071 -1.241) (end 3.071 -4.907) (layer B.SilkS) (width 0.12))
    (fp_line (start 3.111 4.897) (end 3.111 1.241) (layer B.SilkS) (width 0.12))
    (fp_line (start 3.111 -1.241) (end 3.111 -4.897) (layer B.SilkS) (width 0.12))
    (fp_line (start 3.151 4.885) (end 3.151 1.241) (layer B.SilkS) (width 0.12))
    (fp_line (start 3.151 -1.241) (end 3.151 -4.885) (layer B.SilkS) (width 0.12))
    (fp_line (start 3.191 4.874) (end 3.191 1.241) (layer B.SilkS) (width 0.12))
    (fp_line (start 3.191 -1.241) (end 3.191 -4.874) (layer B.SilkS) (width 0.12))
    (fp_line (start 3.231 4.862) (end 3.231 1.241) (layer B.SilkS) (width 0.12))
    (fp_line (start 3.231 -1.241) (end 3.231 -4.862) (layer B.SilkS) (width 0.12))
    (fp_line (start 3.271 4.85) (end 3.271 1.241) (layer B.SilkS) (width 0.12))
    (fp_line (start 3.271 -1.241) (end 3.271 -4.85) (layer B.SilkS) (width 0.12))
    (fp_line (start 3.311 4.837) (end 3.311 1.241) (layer B.SilkS) (width 0.12))
    (fp_line (start 3.311 -1.241) (end 3.311 -4.837) (layer B.SilkS) (width 0.12))
    (fp_line (start 3.351 4.824) (end 3.351 1.241) (layer B.SilkS) (width 0.12))
    (fp_line (start 3.351 -1.241) (end 3.351 -4.824) (layer B.SilkS) (width 0.12))
    (fp_line (start 3.391 4.811) (end 3.391 1.241) (layer B.SilkS) (width 0.12))
    (fp_line (start 3.391 -1.241) (end 3.391 -4.811) (layer B.SilkS) (width 0.12))
    (fp_line (start 3.431 4.797) (end 3.431 1.241) (layer B.SilkS) (width 0.12))
    (fp_line (start 3.431 -1.241) (end 3.431 -4.797) (layer B.SilkS) (width 0.12))
    (fp_line (start 3.471 4.783) (end 3.471 1.241) (layer B.SilkS) (width 0.12))
    (fp_line (start 3.471 -1.241) (end 3.471 -4.783) (layer B.SilkS) (width 0.12))
    (fp_line (start 3.511 4.768) (end 3.511 1.241) (layer B.SilkS) (width 0.12))
    (fp_line (start 3.511 -1.241) (end 3.511 -4.768) (layer B.SilkS) (width 0.12))
    (fp_line (start 3.551 4.754) (end 3.551 1.241) (layer B.SilkS) (width 0.12))
    (fp_line (start 3.551 -1.241) (end 3.551 -4.754) (layer B.SilkS) (width 0.12))
    (fp_line (start 3.591 4.738) (end 3.591 1.241) (layer B.SilkS) (width 0.12))
    (fp_line (start 3.591 -1.241) (end 3.591 -4.738) (layer B.SilkS) (width 0.12))
    (fp_line (start 3.631 4.723) (end 3.631 1.241) (layer B.SilkS) (width 0.12))
    (fp_line (start 3.631 -1.241) (end 3.631 -4.723) (layer B.SilkS) (width 0.12))
    (fp_line (start 3.671 4.707) (end 3.671 1.241) (layer B.SilkS) (width 0.12))
    (fp_line (start 3.671 -1.241) (end 3.671 -4.707) (layer B.SilkS) (width 0.12))
    (fp_line (start 3.711 4.69) (end 3.711 1.241) (layer B.SilkS) (width 0.12))
    (fp_line (start 3.711 -1.241) (end 3.711 -4.69) (layer B.SilkS) (width 0.12))
    (fp_line (start 3.751 4.674) (end 3.751 1.241) (layer B.SilkS) (width 0.12))
    (fp_line (start 3.751 -1.241) (end 3.751 -4.674) (layer B.SilkS) (width 0.12))
    (fp_line (start 3.791 4.657) (end 3.791 1.241) (layer B.SilkS) (width 0.12))
    (fp_line (start 3.791 -1.241) (end 3.791 -4.657) (layer B.SilkS) (width 0.12))
    (fp_line (start 3.831 4.639) (end 3.831 1.241) (layer B.SilkS) (width 0.12))
    (fp_line (start 3.831 -1.241) (end 3.831 -4.639) (layer B.SilkS) (width 0.12))
    (fp_line (start 3.871 4.621) (end 3.871 1.241) (layer B.SilkS) (width 0.12))
    (fp_line (start 3.871 -1.241) (end 3.871 -4.621) (layer B.SilkS) (width 0.12))
    (fp_line (start 3.911 4.603) (end 3.911 1.241) (layer B.SilkS) (width 0.12))
    (fp_line (start 3.911 -1.241) (end 3.911 -4.603) (layer B.SilkS) (width 0.12))
    (fp_line (start 3.951 4.584) (end 3.951 1.241) (layer B.SilkS) (width 0.12))
    (fp_line (start 3.951 -1.241) (end 3.951 -4.584) (layer B.SilkS) (width 0.12))
    (fp_line (start 3.991 4.564) (end 3.991 1.241) (layer B.SilkS) (width 0.12))
    (fp_line (start 3.991 -1.241) (end 3.991 -4.564) (layer B.SilkS) (width 0.12))
    (fp_line (start 4.031 4.545) (end 4.031 1.241) (layer B.SilkS) (width 0.12))
    (fp_line (start 4.031 -1.241) (end 4.031 -4.545) (layer B.SilkS) (width 0.12))
    (fp_line (start 4.071 4.525) (end 4.071 1.241) (layer B.SilkS) (width 0.12))
    (fp_line (start 4.071 -1.241) (end 4.071 -4.525) (layer B.SilkS) (width 0.12))
    (fp_line (start 4.111 4.504) (end 4.111 1.241) (layer B.SilkS) (width 0.12))
    (fp_line (start 4.111 -1.241) (end 4.111 -4.504) (layer B.SilkS) (width 0.12))
    (fp_line (start 4.151 4.483) (end 4.151 1.241) (layer B.SilkS) (width 0.12))
    (fp_line (start 4.151 -1.241) (end 4.151 -4.483) (layer B.SilkS) (width 0.12))
    (fp_line (start 4.191 4.462) (end 4.191 1.241) (layer B.SilkS) (width 0.12))
    (fp_line (start 4.191 -1.241) (end 4.191 -4.462) (layer B.SilkS) (width 0.12))
    (fp_line (start 4.231 4.44) (end 4.231 1.241) (layer B.SilkS) (width 0.12))
    (fp_line (start 4.231 -1.241) (end 4.231 -4.44) (layer B.SilkS) (width 0.12))
    (fp_line (start 4.271 4.417) (end 4.271 1.241) (layer B.SilkS) (width 0.12))
    (fp_line (start 4.271 -1.241) (end 4.271 -4.417) (layer B.SilkS) (width 0.12))
    (fp_line (start 4.311 4.395) (end 4.311 1.241) (layer B.SilkS) (width 0.12))
    (fp_line (start 4.311 -1.241) (end 4.311 -4.395) (layer B.SilkS) (width 0.12))
    (fp_line (start 4.351 4.371) (end 4.351 1.241) (layer B.SilkS) (width 0.12))
    (fp_line (start 4.351 -1.241) (end 4.351 -4.371) (layer B.SilkS) (width 0.12))
    (fp_line (start 4.391 4.347) (end 4.391 1.241) (layer B.SilkS) (width 0.12))
    (fp_line (start 4.391 -1.241) (end 4.391 -4.347) (layer B.SilkS) (width 0.12))
    (fp_line (start 4.431 4.323) (end 4.431 1.241) (layer B.SilkS) (width 0.12))
    (fp_line (start 4.431 -1.241) (end 4.431 -4.323) (layer B.SilkS) (width 0.12))
    (fp_line (start 4.471 4.298) (end 4.471 1.241) (layer B.SilkS) (width 0.12))
    (fp_line (start 4.471 -1.241) (end 4.471 -4.298) (layer B.SilkS) (width 0.12))
    (fp_line (start 4.511 4.273) (end 4.511 1.241) (layer B.SilkS) (width 0.12))
    (fp_line (start 4.511 -1.241) (end 4.511 -4.273) (layer B.SilkS) (width 0.12))
    (fp_line (start 4.551 4.247) (end 4.551 1.241) (layer B.SilkS) (width 0.12))
    (fp_line (start 4.551 -1.241) (end 4.551 -4.247) (layer B.SilkS) (width 0.12))
    (fp_line (start 4.591 4.221) (end 4.591 1.241) (layer B.SilkS) (width 0.12))
    (fp_line (start 4.591 -1.241) (end 4.591 -4.221) (layer B.SilkS) (width 0.12))
    (fp_line (start 4.631 4.194) (end 4.631 1.241) (layer B.SilkS) (width 0.12))
    (fp_line (start 4.631 -1.241) (end 4.631 -4.194) (layer B.SilkS) (width 0.12))
    (fp_line (start 4.671 4.166) (end 4.671 1.241) (layer B.SilkS) (width 0.12))
    (fp_line (start 4.671 -1.241) (end 4.671 -4.166) (layer B.SilkS) (width 0.12))
    (fp_line (start 4.711 4.138) (end 4.711 1.241) (layer B.SilkS) (width 0.12))
    (fp_line (start 4.711 -1.241) (end 4.711 -4.138) (layer B.SilkS) (width 0.12))
    (fp_line (start 4.751 4.11) (end 4.751 -4.11) (layer B.SilkS) (width 0.12))
    (fp_line (start 4.791 4.08) (end 4.791 -4.08) (layer B.SilkS) (width 0.12))
    (fp_line (start 4.831 4.05) (end 4.831 -4.05) (layer B.SilkS) (width 0.12))
    (fp_line (start 4.871 4.02) (end 4.871 -4.02) (layer B.SilkS) (width 0.12))
    (fp_line (start 4.911 3.989) (end 4.911 -3.989) (layer B.SilkS) (width 0.12))
    (fp_line (start 4.951 3.957) (end 4.951 -3.957) (layer B.SilkS) (width 0.12))
    (fp_line (start 4.991 3.925) (end 4.991 -3.925) (layer B.SilkS) (width 0.12))
    (fp_line (start 5.031 3.892) (end 5.031 -3.892) (layer B.SilkS) (width 0.12))
    (fp_line (start 5.071 3.858) (end 5.071 -3.858) (layer B.SilkS) (width 0.12))
    (fp_line (start 5.111 3.824) (end 5.111 -3.824) (layer B.SilkS) (width 0.12))
    (fp_line (start 5.151 3.789) (end 5.151 -3.789) (layer B.SilkS) (width 0.12))
    (fp_line (start 5.191 3.753) (end 5.191 -3.753) (layer B.SilkS) (width 0.12))
    (fp_line (start 5.231 3.716) (end 5.231 -3.716) (layer B.SilkS) (width 0.12))
    (fp_line (start 5.271 3.679) (end 5.271 -3.679) (layer B.SilkS) (width 0.12))
    (fp_line (start 5.311 3.64) (end 5.311 -3.64) (layer B.SilkS) (width 0.12))
    (fp_line (start 5.351 3.601) (end 5.351 -3.601) (layer B.SilkS) (width 0.12))
    (fp_line (start 5.391 3.561) (end 5.391 -3.561) (layer B.SilkS) (width 0.12))
    (fp_line (start 5.431 3.52) (end 5.431 -3.52) (layer B.SilkS) (width 0.12))
    (fp_line (start 5.471 3.478) (end 5.471 -3.478) (layer B.SilkS) (width 0.12))
    (fp_line (start 5.511 3.436) (end 5.511 -3.436) (layer B.SilkS) (width 0.12))
    (fp_line (start 5.551 3.392) (end 5.551 -3.392) (layer B.SilkS) (width 0.12))
    (fp_line (start 5.591 3.347) (end 5.591 -3.347) (layer B.SilkS) (width 0.12))
    (fp_line (start 5.631 3.301) (end 5.631 -3.301) (layer B.SilkS) (width 0.12))
    (fp_line (start 5.671 3.254) (end 5.671 -3.254) (layer B.SilkS) (width 0.12))
    (fp_line (start 5.711 3.206) (end 5.711 -3.206) (layer B.SilkS) (width 0.12))
    (fp_line (start 5.751 3.156) (end 5.751 -3.156) (layer B.SilkS) (width 0.12))
    (fp_line (start 5.791 3.106) (end 5.791 -3.106) (layer B.SilkS) (width 0.12))
    (fp_line (start 5.831 3.054) (end 5.831 -3.054) (layer B.SilkS) (width 0.12))
    (fp_line (start 5.871 3) (end 5.871 -3) (layer B.SilkS) (width 0.12))
    (fp_line (start 5.911 2.945) (end 5.911 -2.945) (layer B.SilkS) (width 0.12))
    (fp_line (start 5.951 2.889) (end 5.951 -2.889) (layer B.SilkS) (width 0.12))
    (fp_line (start 5.991 2.83) (end 5.991 -2.83) (layer B.SilkS) (width 0.12))
    (fp_line (start 6.031 2.77) (end 6.031 -2.77) (layer B.SilkS) (width 0.12))
    (fp_line (start 6.071 2.709) (end 6.071 -2.709) (layer B.SilkS) (width 0.12))
    (fp_line (start 6.111 2.645) (end 6.111 -2.645) (layer B.SilkS) (width 0.12))
    (fp_line (start 6.151 2.579) (end 6.151 -2.579) (layer B.SilkS) (width 0.12))
    (fp_line (start 6.191 2.51) (end 6.191 -2.51) (layer B.SilkS) (width 0.12))
    (fp_line (start 6.231 2.439) (end 6.231 -2.439) (layer B.SilkS) (width 0.12))
    (fp_line (start 6.271 2.365) (end 6.271 -2.365) (layer B.SilkS) (width 0.12))
    (fp_line (start 6.311 2.289) (end 6.311 -2.289) (layer B.SilkS) (width 0.12))
    (fp_line (start 6.351 2.209) (end 6.351 -2.209) (layer B.SilkS) (width 0.12))
    (fp_line (start 6.391 2.125) (end 6.391 -2.125) (layer B.SilkS) (width 0.12))
    (fp_line (start 6.431 2.037) (end 6.431 -2.037) (layer B.SilkS) (width 0.12))
    (fp_line (start 6.471 1.944) (end 6.471 -1.944) (layer B.SilkS) (width 0.12))
    (fp_line (start 6.511 1.846) (end 6.511 -1.846) (layer B.SilkS) (width 0.12))
